000000|000000             0000000000000             0000000000000             0000000000000             
0000|||||0000             0000000000000             0000000000000             0000000000000             
000000|000000             0000000000000             0000000000000             0000000000000             
00000|||00000             0000000000000             0000000000000             0000000000000             
00000|||00000             0000000000000             0000000000000             0000000000000             
0|||||||||||0             0000000000000             0000000000000             0000000000000             
      |      0000000000000             0000000000000             0000000000000             0000000000000
    |||||    0000000000000             0000000000000             0000000000000             0000000000000
      |      0000000000000             0000000000000             0000000000000             0000000000000
     |||     0000000000000             0000000000000             0000000000000             0000000000000
     |||     0000000000000             0000000000000             0000000000000             0000000000000
 ||||||||||| 0000000000000             0000000000000             0000000000000             0000000000000
0000000000000             0000000000000             0000000000000             0000000000000             
0000000000000             0000000000000             0000000000000             0000000000000             
0000000000000             0000000000000             0000000000000             0000000000000             
0000000000000             0000000000000             0000000000000             0000000000000             
0000000000000             0000000000000             0000000000000             0000000000000             
0000000000000             0000000000000             0000000000000             0000000000000             
             0000000000000             0000000000000             0000000000000             0000000000000
             0000000000000             0000000000000             0000000000000             0000000000000
             0000000000000             0000000000000             0000000000000             0000000000000
             0000000000000             0000000000000             0000000000000             0000000000000
             0000000000000             0000000000000             0000000000000             0000000000000
             0000000000000             0000000000000             0000000000000             0000000000000
0000000000000             0000000000000             0000000000000             0000000000000             
0000000000000             0000000000000             0000000000000             0000000000000             
0000000000000             0000000000000             0000000000000             0000000000000             
0000000000000             0000000000000             0000000000000             0000000000000             
0000000000000             0000000000000             0000000000000             0000000000000             
0000000000000             0000000000000             0000000000000             0000000000000             
             0000000000000             0000000000000             0000000000000             0000000000000
             0000000000000             0000000000000             0000000000000             0000000000000
             0000000000000             0000000000000             0000000000000             0000000000000
             0000000000000             0000000000000             0000000000000             0000000000000
             0000000000000             0000000000000             0000000000000             0000000000000
             0000000000000             0000000000000             0000000000000             0000000000000
0000000000000             0000000000000             0000000000000             0000000000000             
0000|||||0000    |||||    0000000000000             0000000000000             0000000000000             
000|||||||000   |||||||   0000000000000             0000000000000             0000000000000             
00000|||00000     |||     0000000000000             0000000000000             0000000000000             
00000|||00000     |||     0000000000000             0000000000000             0000000000000             
000|||||||000  |||||||||  0000000000000             0000000000000             0000000000000                          
             0000000000000             0000000000000             0000000000000             0000000000000
             0000000000000             0000000000000             0000000000000             0000000000000
             0000000000000             0000000000000             0000000000000             0000000000000
             0000000000000             0000000000000             0000000000000             0000000000000
             0000000000000             0000000000000             0000000000000             0000000000000
